1.813
4.898
0.667
1.295
1.243
0.524
0.140
0.973
0.893
2.489
2.621
0.980
1.682
0.423
2.585
0.620
0.044
4.010
2.695
0.042
0.457
0.534
5.025
1.722
0.966
1.879
3.158
0.189
2.001
2.598
0.234
2.724
0.970
2.820
0.353
1.984
0.725
3.537
3.269
0.388
2.303
1.655
0.488
3.754
1.196
1.856
2.523
0.466
3.033
0.745
0.709
0.842
4.264
3.901
0.405
1.240
0.793
0.433
0.037
0.407
2.198
3.875
2.331
0.428
1.367
0.701
0.186
0.173
2.936
1.689
2.302
1.064
4.008
3.576
0.225
0.623
0.920
1.483
0.643
4.748
2.033
1.389
2.212
0.908
0.195
4.314
0.687
1.945
1.733
7.443
0.568
1.011
0.527
8.115
0.009
1.032
1.405
2.673
3.254
0.320